Experiment started at: 2025-04-30 02:50:34

=== Configuration ===
DEPTHS: [3, 4, 5, 6, 7, 8, 9, 10, 11, 12]
MIN_SAMPLES: [3, 5, 10, 30, 50]
NUM_BOOTSTRAPS: 20
RANDOM_SEED: 123
DATA_PATH: data/DataSet_Combined_SI_SNI_Baseline_FE.csv

=== Configuration ===
DEPTHS: [3, 4, 5, 6, 7, 8, 9, 10, 11, 12]
MIN_SAMPLES: [3, 5, 10, 30, 50]
NUM_BOOTSTRAPS: 20
RANDOM_SEED: 123
DATA_PATH: /Users/mishkin/Desktop/Research/Suicide_Project/data/DataSet_Combined_SI_SNI_Baseline_FE.csv

=== Configuration ===
DEPTHS: [3, 4, 5, 6, 7, 8, 9, 10, 11, 12]
MIN_SAMPLES: [3, 5, 10, 30, 50]
NUM_BOOTSTRAPS: 20
RANDOM_SEED: 123
DATA_PATH: /Users/mishkin/Desktop/Research/Suicide_Project/data/DataSet_Combined_SI_SNI_Baseline_FE.csv
label: suicidea

=== Metrics ===
num_samples_full: 586
num_samples_train: 439
num_samples_test: 147
train_shape: (439, 56)

=== Metrics ===
random_split_shape: (219, 219)

=== Metrics ===
num_trees_T0: 20

=== Metrics ===
num_trees_T: 20

=== Metrics ===
num_distances: 20

=== Metrics ===
average_auc: 0.6265336935791481

=== Metrics ===
num_pareto_trees: 4

=== Metrics ===
common_feature_freq: [[('harddrug_life', 40.0), ('prop_friends_street_emosup', 20.0)], [('harddrug_life', 20.0), ('sum_unknown_alter', 10.0)], [('LEAF_NODE', 10.0), ('prop_enc_goodbehave', 10.0)]]

=== Metrics ===
selected_tree_index: 7
selected_tree_distance: 0.05545000000000001
selected_tree_auc: 0.7269548633184997

=== Metrics ===
stability_accuracy_importances: [0.0, 0.0, 0.0, 0.0, 0.0, 0.0, 0.14337085474939237, 0.0, 0.0, 0.0, 0.0, 0.0, 0.0, 0.0, 0.0, 0.0, 0.0, 0.0, 0.4221962801548205, 0.0, 0.0, 0.0, 0.0, 0.0, 0.0, 0.0, 0.0, 0.0, 0.12637111096107073, 0.0, 0.0008066988530660755, 0.0, 0.0, 0.0, 0.0, 0.0, 0.0, 0.0, 0.0, 0.0, 0.26770044512653507, 0.0, 0.0, 0.0, 0.0, 0.0, 0.0, 0.0, 0.0, 0.0, 0.0, 0.0, 0.0, 0.03955461015511518, 0.0, 0.0]

=== Metrics ===
selected_auc_tree_index: 7
selected_auc_tree_distance: 0.05545000000000001
selected_auc_tree_auc: 0.7269548633184997

=== Metrics ===
auc_max_importances: [0.0, 0.0, 0.0, 0.0, 0.0, 0.0, 0.14337085474939237, 0.0, 0.0, 0.0, 0.0, 0.0, 0.0, 0.0, 0.0, 0.0, 0.0, 0.0, 0.4221962801548205, 0.0, 0.0, 0.0, 0.0, 0.0, 0.0, 0.0, 0.0, 0.0, 0.12637111096107073, 0.0, 0.0008066988530660755, 0.0, 0.0, 0.0, 0.0, 0.0, 0.0, 0.0, 0.0, 0.0, 0.26770044512653507, 0.0, 0.0, 0.0, 0.0, 0.0, 0.0, 0.0, 0.0, 0.0, 0.0, 0.0, 0.0, 0.03955461015511518, 0.0, 0.0]

=== Metrics ===
selected_dist_tree_index: 5
selected_dist_tree_distance: 0.007055000000000001
selected_dist_tree_auc: 0.6408137317228226

=== Metrics ===
dist_min_importances: [0.001970842791847471, 0.0, 0.0, 0.0, 0.0, 0.0, 0.11860050798366477, 0.0, 0.0, 0.0, 0.0, 0.0, 0.03140200504083099, 0.0, 0.0, 0.026699547276718888, 0.0, 0.0, 0.0, 0.04592355558192293, 0.0, 0.0, 0.0, 0.0, 0.0, 0.0, 0.0, 0.056006501839092795, 0.0, 0.0, 0.027754179394149377, 0.006674886819179685, 0.0, 0.0, 0.0, 0.0, 0.0, 0.0, 0.0, 0.0, 0.11082569802144825, 0.09918031709791081, 0.0, 0.0, 0.3214443733130467, 0.07896391107089608, 0.0, 0.0, 0.0, 0.009308985245019427, 0.0, 0.041117302806147095, 0.024127385718124793, 0.0, 0.0, 0.0]

Saved figure: original_decision_tree.png
Saved figure: original_feature_importance.png
Saved figure: original_roc_curve.png
Saved figure: decision_tree.png
Saved figure: trimmed_decision_tree.png
Saved figure: top_common_features.png
Saved figure: pareto_frontier.png
